9.80403709412 2.4733376503 0.0439900904894 0.000263991591055 -0.00183637056034 0.716378331184 -0.697709560394
9.68564510345 1.74139916897 0.0416914112866 -0.00762592768297 -0.00636008288711 0.764150977135 -0.644961059093
8.8236951828 0.0914012417197 0.0248101390898 -0.00174157170113 3.95259085053e-05 0.90265250206 -0.43036672473
7.20464086533 -1.20414483547 0.024883851409 -0.00038690189831 -0.00206268089823 0.913852751255 -0.406040340662
6.64197254181 -3.23854637146 0.0457174032927 -0.00424087559804 0.00662215892226 0.706253230572 -0.707915663719
5.77486467361 -4.81680011749 0.024934573099 -0.00863228738308 -0.00580697413534 0.979898631573 -0.199224501848
4.53606128693 -4.45877218246 0.0134122250602 -0.00380359124392 -0.00951037090272 0.930323243141 0.366597622633
3.90920352936 -3.01772117615 0.0210354309529 -0.0063984519802 -0.00470915948972 0.705431580544 0.70873349905
4.92055034637 -1.49186217785 0.0162622444332 -0.0046183061786 -0.0018271249719 0.275473445654 0.961295843124
6.85618400574 -0.142215132713 0.019902665168 -0.00329176452942 -0.00277279433794 0.428575694561 0.903495669365
7.30542421341 2.63046503067 0.026869289577 -0.00147893221583 -0.00577686168253 0.713950574398 0.700170814991
8.9072227478 4.63274526596 0.0527342073619 -0.00055322132539 -0.000467473408207 -0.0555994473398 0.99845290184
9.79817390442 2.99346876144 0.0496535263956 0.00188781716861 0.0048156469129 -0.716474950314 0.697593688965
